4316.34
4481.51
4307.33
4567.97
4349.06
4551.95
4325.47
4459.44
4298.49
4602.47
4275.20
4533.27
4309.79
4781.06
4316.83
4791.69
4304.20
4616.54
4346.91
4432.36
4331.33
4431.69
4284.05
4377.80
4388.01
4366.64
4316.94
4304.89
4419.81
4289.67
4554.50
2917.98
4302.17
4327.60
4331.08
4305.25
4292.72
4302.89
4308.95
4282.90
4314.79
4299.14
4305.02
4295.82
4296.35
4262.97
4312.33
4279.81
4288.61
4257.55
4324.45
4307.71
4281.93
4289.47
4298.03
4300.45
4306.33
4289.32
4300.92
4336.36
4333.04
4330.79
4284.27
4305.62
4301.19
4290.28
4325.85
4314.86
4288.07
4297.12
4301.57
4287.74
4283.92
4304.36
4283.63
4266.03
4281.50
4301.08
4284.21
4284.04
4314.80
4270.10
4277.44
4263.86
4274.98
4285.66
4289.76
4319.51
4275.74
4324.50
4282.93
4301.62
4316.28
4259.08
4308.08
4266.13
4291.32
4263.58
4312.65
4272.93
4308.91
4300.23
4272.60
4312.88
4285.89
4289.30
4251.34
4284.00
4308.41
4323.09
4315.25
4327.87
4282.42
4310.89
4271.58
4343.10
4300.38
4359.24
4286.21
4356.81
4325.70
4324.09
4339.06
4277.97
4328.18
4290.51
4336.99
4300.95
4315.11
4318.37
4319.94
4316.90
4313.42
4344.92
4341.16
4348.65
4332.74
4371.69
4326.23
4335.02
4320.90
4344.26
4314.12
4357.19
4307.27
4327.23
4349.31
4316.91
4302.30
4311.99
4333.38
4338.22
4303.86
4291.23
4324.02
4306.06
4311.77
4324.09
4314.18
4275.14
4329.28
4322.06
4288.97
4334.57
4313.34
4323.20
4293.92
4364.29
4326.39
4355.16
4343.29
4379.28
4337.95
4370.56
4320.13
4423.15
4396.62
4648.11
4292.75
4793.04
4419.16
4096.36
4418.58
4289.44
4328.24
4302.24
4326.50
4314.16
4398.19
4306.49
4356.46
4322.43
4540.12
4317.67
4739.15
4278.78
4421.42
4293.91
4648.55
4296.42
4168.56
4270.43
4347.98
4264.47
4416.27
4271.31
4644.96
4280.79
4647.14
4323.81
4680.59
4300.91
4226.52
4300.67
4334.82
4271.93
4487.92
4229.71
4664.64
4249.72
4804.66
4262.99
4118.82
4254.07
4288.46
4286.98
4272.46
4284.23
4302.70
4306.41
4313.41
4306.67
4337.33
4288.63
4311.60
4314.75
4325.49
4300.93
4351.02
4304.85
4299.59
4322.65
4339.07
4295.01
4359.39
4301.61
4290.99
4305.58
4325.79
4337.19
4391.37
4298.76
4327.92
4313.18
4328.35
4313.27
4341.19
4307.21
4309.99
4318.06
4317.15
4309.99
4306.60
4320.59
4312.85
4331.86
4331.05
4296.51
4321.10
4330.08
4358.62
4324.70
4343.21
4292.22
4328.01
4322.46
4296.56
4340.28
4339.48
4312.03
4323.06
4357.53
4336.06
4350.08
4340.95
4376.00
4287.29
4335.40
4305.73
4325.75
4329.10
4367.95
4311.36
4353.66
4332.08
4272.69
4494.32
4368.04
5272.75
4402.04
4285.65
4474.76
4738.58
4712.22
4709.72
5256.29
423.94
464.75
3911.17
