      1 44300
      1 46200
      2 46400
      1 46600
      1 46800
      1 46900
      1 47000
      1 47100
      2 47200
      2 47300
      2 47400
      1 47600
      2 47700
      2 47800
      4 47900
      4 48000
      2 48100
      1 48200
      2 48300
      2 48400
      4 48500
      4 48600
      4 48700
     10 48800
      5 48900
      5 49000
      8 49100
     12 49200
      7 49300
      9 49400
      8 49500
     11 49600
     11 49700
     17 49800
      9 49900
     17 50000
     16 50100
     13 50200
     10 50300
      8 50400
     11 50500
      6 50600
     13 50700
      3 50800
      6 50900
      4 51000
      9 51100
      4 51200
      7 51300
      6 51400
      2 51500
      2 51600
      1 51900
      1 52000
      1 52200
      1 52300
