      2 103300
      1 103600
      1 103700
      1 112200
      2 114200
      1 115000
      2 115100
      1 115800
      1 116000
      1 116300
      1 116800
      1 117100
      2 117700
      1 118300
      1 118600
      1 119300
      1 121200
      1 163400
      1 164300
      1 164900
      2 165000
      1 165200
      1 165400
      1 165700
      2 165900
      1 166600
      1 167200
      1 167400
      1 167500
      1 167700
      2 169500
      1 169800
      1 170400
      2 170500
      1 170800
      1 171200
      1 172000
      1 172300
      1 172800
      1 173100
      1 173400
      1 173600
      1 181000
      1 185700
      1 186600
      2 187200
      1 187700
      1 187900
      2 188000
      2 188200
      1 188400
      2 188500
      1 188600
      1 188700
      4 188800
      1 189000
      2 189100
      2 189500
      3 189600
      2 189700
      2 189800
      4 190000
      3 190100
      1 190200
      2 190300
      2 190400
      1 190500
      1 190600
      3 190700
      3 190800
      6 190900
      1 191000
      5 191100
      2 191300
      5 191400
      3 191500
      3 191600
      8 191700
      6 191800
      3 191900
      8 192000
      2 192100
      4 192200
      5 192300
      5 192400
     10 192500
      3 192600
      2 192700
      5 192800
      3 192900
      5 193000
      7 193100
      7 193200
     12 193300
      4 193400
      4 193500
      7 193600
      8 193700
      2 193800
      5 193900
      7 194000
      7 194100
      7 194200
      6 194300
      3 194400
      9 194500
      8 194600
     11 194700
      7 194800
      6 194900
      4 195000
     10 195100
      5 195200
      6 195300
      4 195400
     10 195500
      5 195600
      4 195700
     11 195800
      6 195900
      6 196000
      8 196100
      3 196200
      4 196300
      4 196400
      9 196500
      7 196600
      4 196700
      9 196800
      4 196900
      7 197000
      6 197100
      7 197200
      3 197300
      5 197400
      5 197500
      3 197600
      5 197700
      4 197800
      6 197900
      5 198000
      3 198100
      6 198200
      3 198300
      5 198400
      3 198500
      1 198600
      1 198800
      1 199000
      4 199100
      2 199200
      1 199300
      2 199400
      1 199500
      2 199600
      1 199700
      1 199800
      2 200300
      1 200500
      1 200600
      1 200900
      1 201100
      1 201300
      1 201400
      1 201800
      1 202400
      1 205900
      1 213000
      1 217800
