312
260
92
109
111
113
110
105
104
124
132
92
90
117
140
136
122
117
112
127
122
117
132
89
149
92
120
104
102
110
102
131
93
96
105
98
104
101
107
95
104
123
141
95
100
117
90
104
95
93
97
97
85
103
106
92
97
93
93
114
98
84
82
117
96
75
89
111
101
82
78
78
104
93
80
101
90
98
73
95
88
92
99
97
96
92
75
94
76
94
91
76
82
76
94
109
95
100
77
124
121
76
111
104
71
92
113
98
91
97
83
83
78
83
78
92
92
95
81
72
92
76
101
80
76
109
125
92
85
74
96
80
94
91
73
91
78
96
74
83
78
81
92
105
82
97
107
74
79
74
97
96
74
93
73
72
104
82
102
76
81
74
74
92
83
104
93
82
78
77
95
89
81
75
96
75
73
76
95
77
98
77
94
74
92
95
96
86
79
73
75
92
90
94
77
75
97
80
74
96
159
180
154
108
76
94
115
100
88
94
91
77
73
75
78
94
95
76
106
75
98
73
78
72
93
95
103
93
95
97
77
75
91
78
93
74
66
81
71
67
73
72
90
96
75
72
77
71
95
80
96
91
73
90
76
101
83
72
78
81
76
94
72
95
74
96
76
75
97
82
93
82
73
73
76
92
90
83
91
102
72
112
74
79
84
131
91
77
97
75
75
80
76
89
74
101
75
97
81
73
80
95
