256
335
104
119
90
97
96
98
82
120
61
105
76
104
82
79
98
115
113
97
75
75
106
118
76
89
109
86
77
71
97
95
78
110
96
82
78
99
92
100
76
106
83
76
93
95
93
94
83
105
99
74
71
99
101
80
75
94
83
63
74
94
102
88
76
96
97
80
74
96
105
79
77
92
104
78
75
96
100
72
95
75
85
90
72
99
80
97
72
110
108
72
75
90
99
78
78
95
52
93
78
100
88
88
98
74
93
79
76
98
104
78
94
83
72
105
94
78
86
99
84
73
78
99
79
80
91
74
72
76
91
84
84
105
77
117
70
100
71
76
122
122
74
76
95
101
75
89
74
77
100
89
77
74
103
89
71
88
90
76
91
75
75
99
72
101
93
79
77
94
93
73
118
84
95
72
75
109
89
72
73
100
77
75
77
99
80
84
77
73
97
101
76
74
76
100
80
89
77
88
74
75
76
90
88
85
74
73
101
83
84
78
98
74
88
75
81
95
92
72
75
99
95
81
79
79
90
83
102
73
102
74
90
78
114
104
101
87
86
107
86
89
82
96
106
79
79
90
96
86
81
91
95
74
72
95
109
78
110
118
79
89
78
97
82
95
75
105
77
111
86
88
73
73
98
101
94
92
89
92
77
78
101
95
76
91
81
74
93
90
80
71
102
115
89
72
101
72
103
73
