317
379
358
312
82
111
83
87
77
85
122
113
100
80
96
79
95
107
91
79
109
108
130
106
103
91
115
85
98
103
95
116
124
120
109
67
69
82
90
100
82
79
68
85
100
96
74
106
89
124
104
83
75
79
59
67
90
89
84
85
91
77
79
85
110
106
95
119
114
146
108
96
117
105
103
108
70
92
90
89
122
127
96
116
81
65
93
100
77
90
79
72
94
105
98
115
83
82
108
72
72
108
89
74
92
75
83
98
81
94
98
80
90
92
76
79
97
95
89
77
90
77
76
96
90
90
73
83
103
90
100
81
93
95
93
75
97
76
76
72
94
92
101
75
102
80
80
90
75
94
73
101
89
81
110
75
82
105
77
77
99
101
92
98
74
74
88
78
92
90
72
91
78
77
75
91
88
71
90
84
96
79
83
101
76
90
123
87
81
89
106
133
115
96
74
98
100
79
81
94
90
86
81
74
76
89
114
99
98
102
79
79
79
82
98
92
79
73
96
78
100
72
100
95
77
77
75
82
101
74
91
137
100
91
79
93
76
84
99
76
104
72
96
81
79
77
80
93
76
74
79
73
79
98
76
92
76
93
80
94
77
77
75
126
98
76
90
76
89
105
75
102
75
94
72
74
75
73
89
102
74
90
73
74
75
73
95
76
94
96
76
90
82
75
80
78
85
80
102
96
